Some((
    red: 0.5372549,
    green: 0.8627451,
    blue: 0.92156863,
))